1	3 3 3 3 4
2	7 7 7 7 8
3	11 11 11 11 12
4	15 16 17 18 18
5	21 22 23 24 24
6	27 28 29 30 31 32
7	35 36 37 38 39
8	42 43 44 45
9	48 49
10	52
11	55
12	58
13	61 62 63
14	66
15	69
16	72
17	75 76 77
18	80 81 82
19	85 86 87
20	90 91 92
21	95 96 97
22	100 101 102
23	105 106 107 108
24	111 112 113 114
25	117 118 119 120
26	123 124 125
27	128 129 130 131
28	134 135 136 137
29	140 141 142
30	145 146 147 148 149
31	152 153 154
32	157 158 159 160
33	163 164 165
34	168 169
35	172 173 174 175 176 171
36	179 180 181 182 183 184 185
37	188 189 190
38	193 194
39	197 198 199
40	202 203 204 205 2960 206 207 208 209 210 211 212
41	215 216 217 218
42	221 222 223 224 225 226 227
43	230 231 232 233 234 235
44	238 239 240 241 242 236 237 243 244 245 246 247 248
45	251 252 253 249 250 254 255 256
46	259 260 261 262 263 264 265 266 267 268 269 270 258 257 271
47	274 275 276 277 278 279 273 272 280 281 282 283 284 285 286 287 288 289 290 291 285 292 293 294 295
48	298 299 5702 300 5701 301 302 303 304 305 306 307 308 309 310
49	313 314 315 316 317
50	320 321 322 323 324 325 326 5046 5047 327 328
51	331 332 333 334 335 336 337 338 339 340 341 329 330 342
52	345 346 347 348 349 350 351 352
53	355 356 357 358 353 359 360 361 362 363 354 364
54	367 368 369 370 371 372 373 374 366
55	377 378 379 380 381 376 382 383
56	386 387 388 389 390 391 392 393 394 395 396 397
57	400 401 402 403 404 405 406 407 399 398 408 409 410 411 412 413 414
58	417 418 419 420 415
59	423 424 425 426 427 428 429 430 431 432 2688 433 434 2687 435 436 437 438 439 440 441 442 443 444 445
60	448 449 450 451 452 453 454 446 455 456 457 447 458
61	461 462 463 464 465 466 467 459 460 468
62	471 472 473 474 475 470 476 469 477 478 479 480 481 482 483 484 485 486 487 488 489
63	492 493 494 491 495 490 496 497 498 499 500 501 502 503 504
64	507 508 509 5171 510 5170 511 512 513 514 515 516 517 518
65	521 522 523 5017 524 525 5016 526 527 528 529 530 531
66	534 535 536 537 538 539 540 533 541 542 543 532 544 545
67	548 549 550 551 547 546
68	554 555 556 557
69	560 561 562 563 564 565 558 566 567 568 559 569 570 571
70	574 575 576 577 578 579 580 581 582 583 584 573 585 572 586 587 588 589 590 591 592
71	595 596 597 598 599 600 601 602 603 594 604 605 593 606 607 608 609 610 611 612 613 614 615 616 617 618
72	621 622 623 624 625 626
73	629 630 631 632 627 628
74	635 636 637 638 633 639
75	642 643 644 645
76	648 649 650 646 651 652
77	655 656 657 653 658 659 660 661 662 663 664
78	667 668 669 665 670 666
79	673 674 675 676 677
80	680 681 682 678 683 684 685
81	688 689 690 686 691 692 687
82	695 696 697 698
83	701 702 703 704 705 706
84	709 710 711 712 713
85	716 717 718 719 720 721 722 723 724 714 725 726 727 728 729
86	732 733 734 735 736 4319 4320 737 738 739 740 741
87	744 745 746 747 743 742 748 749 750 751 752 753
88	756 757 758 759 760 761 762 763 1265 764
89	767 768 769 770 771 772 765
90	775 776 777 778 779 780 781 782 783 784
91	787 788 789 790
92	793 794 795 792 791 796
93	799 800 801 802 803 804 805
94	808 809 810
95	813 814 815
96	818 819 820 821 822 823 816
97	826 827 828 829
98	832 833 831 834 830 835 836 837 838 839 840 841 842 843 844 845
99	848 849 850
100	853 854 855 856 857 858 859 860
101	863 864 865 866 867 868 869 862
102	872 873 874 875 876
103	879 880 881
104	884 885 882 883 886 887 888 889 890
105	893 894 895 896 897
106	900 901 902
107	905 906 907 908 903
108	911 912 913 914 915 916 917 909 918
109	921 922 923 919 924 925
110	928 929 930 931 926 932 933 934
111	937 938 935
112	941 942 943 940 939 944 945 946 947
113	950 951 952 953 954
114	957 958
115	961 962 959 963 964 964 965 960
116	968 969 1042 970 1043 971 972 973 974 975
117	978 979 980 981 976 982 977
118	985 986 987
119	990 988 991 992 993 994
120	997 998 999 1000
121	1003 1004 1005 1001 1006 1002
122	1009 1010 1011 1007 1012 1008
123	1015 1016 1013 1017 1014
124	1020 1021 1022 1023 1019 1018 1024 1025 1026 1027
125	1030 1031 1032
126	1035 1036 1037 1038 1039 1040 1034 1033 1041
127	1046 1047 1048 1049 1050 1051 1052 1044 1053 1054 1055 1056 1057 1045 1058 1059
128	1062 1063 1060 1064 1065 1066 1067 1061 1068 1069
129	1072 1073 1074 1075 1076 1077 1078 1079 1080 1081 1082 1083 1070
130	1086 1087 1088 1089 1090 1091
131	1094 1095 1096 1097 1098 1099 1093 1092 1100 1101 1102 1103 1104
132	1107 1108 1109 1110 1111 1112 1113 1106 1105 1114 1115 1116 1117
133	1120 1121 1122 1123 1124 1125 1126 1118 1119 1127 1128 1129 1130
134	1133 1134 1135 1136 1137 1138 1139 1132 1131 1140 1141 1142 1143
135	1146 1147 1148 1149
136	1152 1153 1154 1155 1156 1157 1158 1159 1160 1150 1151 1161 1162
137	1165 1166 1163 1164
138	1169 1170 7132 7133 1171 1172 1173 1174
139	1177 1178 1179 1180
140	1183 1184 1185 1186
141	1189 1190 1191 1192 1193 1194 1195 1196 1197 1198 1187 1188 1199 1200
142	1203 1204 1205 1206 1207 1208 1209 1210 1211 1212 1213 1201 1202 1214 1215 1216 1217
143	1220 1221 1222 1223 1224 1225 1219 1218 1226 1227
144	1230 1231 1232 1233 1234 1235 1236 1237 1238 1239 1229 1228 1240 1241
145	1244 1245 1246 1247 1248 1249 1250 1242 1243 1251 1252 1253 1254 1255 1256 1257 1258
146	1261 1262 1263 1264 1259
147	1269 1270 1271 1272 1273 1274 1275 1276 1277 1267 1278 1279 1280 1281 1282 1283 1284 1285 1286
148	1289 1290 1291 1292 1293 1287 1294 1288 1295 1296 1297 1298 1299 1300 1301 1302 1303 1304
149	1307 1308 1309 1310 1311 1312 1313 1314 1315 1305 1316 1317 1318 1319 1320 1321 1306 1322 1323 1324
150	1327 1328 1329 1330 1331 1325 1332 1326 1333 1334 1335 1336 1337 1338 1339
151	1342 1343 1344 1345 1346 1347 1348 1349 1350 1340 1351 1352 1353
152	1356 1357 1358 1359 1360 1361 1362 1363 1364 1354
153	1367 1368 1365 1366 1369 1370 1371 1372 1373 1374 1375 1376 1377 1378
154	1381 1382 1383 1384 1385
155	1388 1389 1390 1391 1386
156	1394 1395 1396 1397 1398
157	1401 1402 1400 1399 1403 1404 1405
158	1408 1409 1410 1411 1412 1406 1413 1407 1414 1415 1416 1417 1418 1419 1420 1421
159	1424 1425 1422 1423 1426 1427 1428 1429 1430 1431
160	1434 1435 1436 1437 1438 1439 1440 1441 1442 1443 1444 1433 1445 1446 1432
161	1449 1450 1451 1452 1453 1454 1455 1456 1457 1447
162	1460 1461 1462 1463 1464 1465 1458 1459 1466 1467
163	1470 1471 1472 1473 1474 1475 1476 1477 1478 1479 1480 1468 1469 1481
164	1484 1485 1486 1487 1488 1489 1490 1491 1492 1493 7880 7879 1494 1495
165	1498 1499 1500 1501 1502 1496 1497 1503 1504 1505 1506 1507 1508
166	1511 1512 1513 1509 1514 1515 1516 1517 1518 1519 1520 1521 1510 1522 1523
167	1526 1527 1528 1529 1530 1531 1532 1533 1524 1534 1535 1536 1537 1525 1538 1539 1540 1541 1542 1543 1544 1545
168	1548 1549 1550 1551 1552 1553 1554 6674 1555 1556 1557 1558 1559 1560 1561 1562 6675 1563 1564 1565 1566 1567 1568
169	1571 1572 1573 1574 1575 1576 1577 1578 1579 1580 1581 1582 1583 1570 1584 1569
170	1587 1588 1589 1590 1591 1592 1593 1594 1585 1595 1596 1597 1598 1599 1586
171	1602 1603 1604 1605 1606 1607 1608 1609 1600 1610 1611 1601 1612 1613 1614 1615
172	1618 1619 1620 1621 1622 1623 1624 1625 1626 1627 1628 1629 1617 1616 1630
173	1633 1634 1635 1636 1637 1638 1639 1640 1641 1642 1643 1632 1631 1644 1645 1646
174	1649 1650 1651 1652 1647 1653 1654 1655 1648 1656 1657
175	1660 1661 1662 1663 1664 1665 1666 1667 1668 1669 1658 1659 1670 1671 1672 1673 1674 1675 1676 1677
176	1680 1681 1682 1683 1684 1685 1686 1687 1688 1689 1678 1679 1690 1691 1692 1693 1694
177	1697 1698 1699 1700 1695 1701 1702 1703 1704 1705 1706 1707 1696 1708 1709 1710 1711
178	1714 1715 1716 1717 1718 1719 1720 1712 1713 1721 1722 1723
179	1726 1727 1728 1724 1725 1729 1730 1731 1732 1733 1734 1735
180	1738 1739 1740 1741 1742 5048 1743 5049 1744
181	1747 1748 1749 1750 1751 1752 1753
182	1756 1757 1758 1759 1760 1761 1762 1763 1764 1765 1766 1767 1768 1769 1770
183	1773 1774 1775 1776 1777 1778 1772 1771
184	1781 1782 1783 6862 1784 6861 1785 1786 1787 1788 1789 1790 1791
185	1794 1795 1796 1797 1798 1799 1800 1792 1793 1801
186	1804 1805 1806 1807 1808 1809 1810 1802 1803 1811
187	1814 1815 1812 1813 1816 1817
188	1820 1821 1822 1823 1824 1825 1826 1827 1828
189	1831 1832 1833 1834 1835 1830 1829 1836
190	1839 1840 1841 1837 1838 1842 1843 1844 1845 1846
191	1849 1850 1851 1852 1853 1854 1855 1847 1848 1856 1857 1858
192	1861 1862 1863 1864 1865 1866 1867 1868 5598 5599
193	1871 1872 1873 1870 1869 1874 1875 1876 1877 1878 1879
194	1882 1881 1880 1883 1884 1885 1886 1887 1888 1889 1890 1891 1892
195	1895 1896 1894 1897 1893 1898 1899
196	1902 1901 1903 1900 1904 1905 1906 1907 1908 1909
197	1912 1911 1913 1910 1914 1915 1916 1917 1918 1913 1919 1920
198	1923 1924 1925 1922 1926 1921 1927 1928 1929 1930 1931
199	1933 1934 1932 1935 1936 1937 1938 1939 1940 1934 1941 1942 1943 1934 1944
200	1947 1948 1949 1950 1945 1946 1951 1952 1953 1954 1955
201	1958 1959 1957 1960 1956 1961 1962 1963 1964 1965 1966
202	1969 1970 1968 1971 1967 1972 1973 1974 1975 1976 1977 1978 1979 1980
203	1983 1984 1985 1986 1987 1988 1989 1990 1981 1991 1982
204	1994 1995 1996 1993 1997 1998 1992 1999 2000 2001 2002 2003
205	2006 2005 2004 2007 2008 2009 2010
206	2013 2012 2014 2011 2015 2016 2017 2018 2019 2014 2020 2021
207	2023 2024 2022 2025 2026 2027 2028 2029 2030 2031 2032
208	2035 2034 2033 2036 2037 2038 2039 2040 2041 2042
209	2044 2045 2043 2046 2047 2048 2049 2050 2051 2052 2053
210	2056 2057 2058 2059 2060 2061 2062 2054 2055 2063 2064 2065
211	2068 2069 2070 2071 2072 2073 2074 2075 2076 2066 2077 2078 2079 2067 2080 2081 2082 2083 2084 2085 2086
212	2089 2090 2091 2088 2087 2092 2093 2094 2095 2096 2097 2098 2099 2100
213	2103 2104 2105 2106 2101 2102 2107
214	2110 2109 2108 2111 2112 2113 2114 2115 2116
215	2119 2120 2121 2122 2123 2124 2125 2126 2127 2128 2129 2130 2131 2117 2132 2133 2134 2135 2118 2136 2137 2138 2139 2140 2141
216	2144 2142 2143 2145
217	2148 2149 2150 2151 2152 2153 2154 2155 2156 2157 2158 2159 2147 2160 2161 2146 2162 2163 2164 2165 2166 2167 2168 2169 2170 2171 2172 2173 2174 2175 2176 2177
218	2180 2181 2182 2179 2183 2184 2178 2185 2186 2187 2188
219	2191 2192 2190 2189 2193 2194 2195 2196 2197
220	2200 2201 2202 2203 2204
221	2207 2208 2209 2210 2211 2212 2206 2213
222	2216 2217 2218 2219 2220 2221 2222
223	2225 2226 2227 2228 2229 2230 2231 2232 2233 2234 2235 2236 2224
224	2239 2240 2241 2242 2243 2244
225	2247 2248 2249 2250 2251 2252 2253 2254
226	2257 2258 2259 2260 2261 2262 4876 2263 2264 4875 2265 2266
227	2269 2270 7131 7130 2271 2272 2273 2274 2275 2276 2277 2278 2279 2280 2281
228	2284 2285 2286 3461 2287 3460 2288 2289 2290 2291 2292 2293 2294 2295 2296 2297 2298
229	2301 2302 2303 2304 2305 2306 2307 2308 5801 2309 5800 2310 2311 2312
230	2315 2316 2317 2318 2319 2320 2321 2322 6882 6881 2323 2324 2325 2326 2327 2328
231	2331 2332 2333 2334 2330 2329 2335 2336 2337 2338 2339 2340 2341 2342 2343 2344
232	2347 2348 2349 2350 2351 2352 2346 2345 2353 2354 2355 2356
233	2359 6660 6659 2360 2361 2362 2363 2364 2365 2366 2367 2368
234	2371 2372 2373 2374 2375 2376
235	2379 2380 2381 2382 2383 2384 2385 2386 2377 2387 2388 2378 2389 2390 2391 2392 2393 2394 2395 2396 2397 2398
236	2401 2402 2399 2400 2403 2404 2405 2406
237	2409 2408 2410 2407 2411 2412 2413 2414 2415 2416 2417 2418 2419
238	2422 2423 2421 2424 2420 2425 2426 2427
239	2430 2431 2432 2433 2429 2434 2428 2435 2436 2437 2438 2439 2440
240	2443 2444 2445 2446 2442 2447 2441 2448
241	2451 2450 2452 2449 2453 2454 2455 2456 2457 2458 2459 2460 2461 2462 2463 2464 2465 2466
242	2469 2470 2471 2472 2473 2474 2475 2468 2476 2477 2467 2478 2479 2480 2481 2482 2483
243	2486 2487 2488 2489 2490 2491 2492 2485 2493 2494 2484 2495 2496 2497
244	2500 2501 2502 2499 2503 2498 2504 2505 2506 2507 2508 2509 2510 2511
245	2514 2515 2516 2513 2517 2512 2518 2519 2520 2521 2522 2523 2524 2525 2526 2527 2528 2529 2530 2531
246	2534 2535 2536 2533 2537 2532 2538 2539 2540 2541 2542 2543
247	2546 2547 2548 2549 2550 2544 2551 2545
248	2554 2555 2556 2557 2552 2558 2559
249	2562 2563 2564 2565 2560 2566 2567 2568 2569
250	2572 2573 2574 2575 2570 2576 2577
251	2580 2581 2582 2583 2578 2584 2579
252	2587 2588 2589 2590 2591 2592 2593 2594 2595 2586 2585
253	2598 2599 2600 2601 2602 2596 2597 2603
254	2606 2607 2608 2609
255	2612 2613 2614
256	2617 2618 2619 2620
257	2623 2622 2621 2624 2625 2626 2627
258	2630 2631 2629 2628 2632 2633
259	2636 2637 2638 2635 2639 2634 2640 2641 2642 2643
260	2646 2647 2648 2649 2650 2651 2645 2644 2652 2653 2654 2655
261	2658 2659 2660 2661 2662 2656 2657 2663
262	2666 2667 2668 2669 2670 2671 2672 2673 2674 2675 2676 2677 2678 2679 2680 2681 2664 2682 2683 2684 2665 2685 2686
263	2691 2692 2693 2694 2695 2696 2697 2698 2699 2700 2701 2702 2689 2703 2704 2705 2706 2707 2708 2709 2710 2711 2690 2712 2713
264	2716 2717 2718 2719 2720 2721 2714 2722 2723 2724 2725 2726 2727 2728 2729 2715 2730 2731 2732 2733
265	2736 2737 2735 2738 2739 2740 2741 2742 2743
266	2746 2747 2748 2749 3751 2750 2751 2752 2753 2754 2755 2756 3752 2757 2758
267	2761 2762 2763 2759 2764 2765 2766 2767 2768 2769 2760
268	2772 2773 2774 2775
269	2778 2779 2780 2781 2777 2776 2782 2783 2784 2785 2786 2787 2788
270	2791 2792 2793 2794 2790 2789 2795 2796 2797 2798 2799 2800 2801
271	2804 2805 2806 2807 2808 2802 2803 2809 2810 2811 2812 2813 2814
272	2817 2818 2819 2820 2821 2822 2823 2824 2825 2826 2815 2827 2828
273	2831 2832 2833 2834 2835 2836 2837 2838 2839 2840
274	2843 2844 2845 2846 2847 2848 2849 2850
275	2853 2854 2855 2856 2857 2858 2859 2860
276	2863 2864 2865 2866
277	2869 2870
278	2873 2874 2875 2876 2877
279	2880 2881 2882
280	2885 2886
281	2888 2889 2887 2890 2891 2892 2893 2894 2895 2896 2897 2898 2899 2900 2901 2902 2903
282	2906 2907 2905 2904 2908 2909 2910 2911 2912 2913
283	2916 2917 2918 2919 2915 2914 2920 2921 2922
284	2925 2926 2927 2928 2929 2930
285	2933 2934 2935 2936 2937 2938 2939 2940 2931 2941
286	2944 2945 2946 2947 2948 2949 2950 2951 2952 2953 2954 2955 2943 2942 2956 2957 2958 2959
287	2964 2962 2965
288	2968 2966 2969
289	2972 2973
290	2976 2977
291	2980 2981 2982 2983 2978
292	2986 2987 2988 2985 2984
293	2991 2992 2993 2994
294	2997 2996 2998 2995 2999 3000 3001
295	3004 3002 3003 3005
296	3008 3009 3010 3011 3012 3013 3014
297	3017 3015 3018 3019 3020 3021 3016 3022 3023 3024 3025
298	3028 3029 3030 3031 3032 3033 3026 3034 3035 3036
299	3039 3040 3041 3042 3043 3044 3045
300	3047 3048 3046
301	3050 3051 3049
302	3054 3055 3052 3053 3056 3057 3058 3059 3060 3061
303	3064 3063 3065 3062 3066 3067 3068
304	3071 3072
305	3075 3076 3077 3074 3078 3073 3079
306	3082 3083 3084 3085 3086 3087 3088 3089 3090 3091 3092 3093
307	3096 3097 3098 3099 3100 3101
308	3104 3105 3106 3107 3108 3109 3110 3111 3112 3113 3114
309	3117 3118 3119 3120 3121 3122 3123 3124 3125 3126 3127
310	3130 3131 3132 3129 3133 3128 3134 3135 3136 3137
311	3139 3140 3138 3141 3142 3143 3144
312	3147 3148 3149 3146 3145 3150 3151 3152 3153 3154 3155 3156
313	3159 3158 3157 3160 3161 3162 3163 3164
314	3167 3165 3168 3169 3166 3170
315	3173 3174 3175 3171 3176 3172 3177 3178 3179 3180
316	3183 3184 3185 3186 3187 3188 3189 3190 3181 3191 3192 3193 3194 3195 3196 3197 3198 3199 3182
317	3202 3203 3204 3205 3206 3207 3208 3209 3210 3211 3200 3212 3213 3201 3214 3215 3216 3217 3218 3219 3220 3221 3215 3222
318	3225 3226 3227 3228 3229 3223 3224
319	3232 3233 3234 3235 3230 3231 3236
320	3239 3237 3238 3240 3241 3242 3243 3244 3245
321	3248 3249 3250 3251 3252 3253 3254 3255 3256 3257 3258 3259 3247 3246
322	3262 3263 3264 3265 3266 3267 3268 3269 3270 3271 3272 3260 3273 3274 3261 3275 3276
323	3279 3280 3281 3282 3283 3284 3285
324	3288 3289 3290 3291 3292 3293
325	3296 3297 3298 3299
326	3302 3303 3304 3305 3306 3307 3308
327	3311 3312 3313 3314
328	3317 3318 3319
329	3322 3323
330	3326 3327 3328
331	3331 3332 3333 3330 3334 3335 3329 3336 3337 3338 3339 3340 3341 3342
332	3345 3346 3347 3344 3343
333	3350 3351 3352 3353 3349 3348 3354 3355
334	3358 3359 3360 3361 3362 3363 3364 3357 3356
335	3367 3368 3369 3366 3365 3370 3371 3372
336	3375 3376 3377 3378 3373
337	3381 3382 3383 5803 3384 3385 3386 5802 3387 3388
338	3391 3392 3393 3394 6712 3395 3396 6711 3397 3398
339	3410 3411 3412 3413 3414 3408 3409 3415 3416 3417 3418
340	3421 3420 3419 3422 3423 3424 3425 3426 3427 3428 3429 3430
341	3433 3434 3435 3436 3437 3438 3439 3431 3440 3432
342	3443 3444 3445 3446 3447 3448 3449 3450 3441 3451 3452 3453 3454 3455 3456 3457 3458 3459 3442
343	3464 3465 3462 3463 3466 3467
344	3470 3471 3472
345	3475 3476 3477
346	3480 3481
347	3484 3485 3486 3487
348	3490 3491 3492 3493 3494 3495 3496
349	3499 3500 3501
350	3504 3505 3506 3507
351	3510 3511 3512 3513 3514
352	3517 3518 3519 3520 3521
353	3524 3525 3526 3527
354	3530 3531 3532 3533 3534 3528 3529 3535 3536
355	3539 3540 3541 3542 3543 3544 3537 3538 3545 3546
356	3549 3550 3551 3552 3553 3554 3555 3556 3557 3558 3559 3560 3561 3562 3563 3564 3548 3565 3547 3566 3567 3568 3569 3570
357	3573 3574 3575 3576 3577
358	3580 3581 3582 3583 3584 3585 3586
359	3589 3590 3591 3592
360	3595 3596 3597
361	3600 3601 3602 3603
362	3606 3607 3608
363	3611 3612 3613 3614
364	3617 3618 3619
365	3622 3623 3624 3625 3626
366	3629 3630 3631 3632 3633 3634 4857 3635 3636
367	3639 3640 3641 3642 3643 3644 3645
368	3648 3649 3650 3651 3652 3653 3654
369	3657 3658 3659 3660 3661 3662 3663
370	3666 3667 3668 3669 3670 3671 3672
371	3675 3676 3677 3678 3679 3680 3681 3682 3683 3684 3685 3686 3687
372	3690 3691 3692 3693 3694 3695 3696 3697
373	3700 3699 3701 3702 3703 3704 3705 3706 3707
374	3710 3711 3712 3713 3714 3715 3716 3717
375	3720 3721 3722 3723 3724 3725 3726 3727 3728 3729 3730 3731
376	3734 3735 3736 3737 3738 3739 3740 3741
377	3744 3745 3746 3747 3742 3748 3749 3750
378	3755 3756
379	3759 3760 3761 3762
380	3765 3766 3767 3768 3769 3770 3771 3772 3773 3774 3775 3776 3763 3764
381	3779 3780 3781 3777 3782 3783 3784 3785 3786 3787 3788
382	3791 3792 3793 3794 3795 3796 3790 3789 3797 3798 3799 3800 3801
383	3804 3805 3806 3802
384	3809 3810 3811 3807
385	3814 3815 3816 3812
386	3819 3820 3821 3817
387	3824 3825 3826 3827 3822
388	3830 3831 3832 3833 3828
389	3836 3837 3838 4118 3839 4117 3840
390	3843 3844 3845 3846 3847
391	3850 3851 3852 3853 3854
392	3857 3858 3859 3860 3861 3862 3863 3856 3855 3864
393	3867 3868 3869 3870 3865 3871 3872 3873 3874 3875
394	3878 3879 3880 3881 3876 3877 3882 3883
395	3886 3887 3888 3889 3890 3891 3892 3893 3894 4577 3895 3896
396	3899 3900 3901 3902 3903 3904 3897 3905
397	3908 3909 3910 3911 3907 3906 3912
398	3915 3916 3917 3918 3919 3914 3913
399	3922 3923 3924 3925 3926 3927
400	3930 3931 3932 3933 3934 3935
401	3938 3939 3940 3941 3942 3943 3944 3945 3946 3936 3947
402	3950 3951 3952 3948 3949
403	3955 3956 3957 3953 3954
404	3960 3961 3962 3963 3964 3965 3966 3967 3968 3958 3969 3970 3959 3971 3972 3973 3974 3975
405	3978 3979 3980 3976 3981 3982 3983
406	3986 3987 3988 3989 3990 3991 3984 3992 3993 3994
407	3997 3998 3999 4000 4001 4002 3996 3995 4003 4004
408	4007 4008 4009 4010 4011 4012 4013 4006 4005 4014 4015
409	4018 4019 4020 4021 4022 4023 4024 4025 4026 4027 4028 4029 4030
410	4033 4034 4035 4036 4037 4038 4039 4040 4041 4042 4043 4044
411	4047 4048 4049 4050 4051 4052 4053 4054 4055 4056 4057 4058 4059 4060
412	4063 4064 4065 4066 4067 4068 4069 4070 4071 4072 4073 4074 4075
413	4078 4079 4080 4081 4082 4083 4084 4076 4077
414	4087 4088 4089
415	4092 4093 4091 4094 4095 4090
416	4098 4099 4100 4101 4102 4103 4104
417	4107 4108 4109 4110
418	4113 4114 4115 4116
419	4121 4122 4123 4124 4119 4125 4126 4127 4128 4120
420	4131 4132 4133 4134 4135 4136 4137 4138 4139 4140 4141 4142 4129 4143
421	4146 4147 4148 4149 4150 4151 4152 4153 4144 4154
422	4157 4158 4159 4160 4161 4162 4163 4155 4164 4165
423	4168 4169 4170 4171 4172 4173 4174 4175 4176 4177 4178 4166
424	4181 4182 4183 4184 4185 4186 4187 4188 4189 4190 4191 4179 4192 4193
425	4196 4197 4198 4199 4200 4201 4202 4203 4204 4205 4206 4207 4194
426	4210 4211 4212 4213 4214 4215 4216 4217
427	4220 4221 4222 4223 4224 4225 4226
428	4229 4230 4228 4231 4232 4227 4233
429	4236 4237 4234 4235 4238 4239
430	4242 4243 4241 4244 4240 4245 4246 4247 4248 4249 4250 4251 4252
431	4255 4256 4257 4253 4254 4258 4259 4260 4261
432	4264 6723 4265 6722 4266 4267 4268 4269 4270 4271 4272 4273 4274 4275
433	4278 4279 4280 4281 4282 4283 4284 4276 4277 4285 4286
434	4289 4290 4291 4292 4293 4294 4295 4296 4297 4298 4299
435	4302 4303 4304 4305 4306 6778 6779 4307 4308 4309
436	4312 4313 4314 4315 4316 4317 4318
437	4323 4324 4325 4326 4327 4328 4329 4330 4321 4322 4331 4332 4333
438	4336 4337 4338 4339 4334 4335
439	4342 4343 4344
440	4347 4348 4349 4350 4351 4346 4352 4353
441	4356 4357 4354 4355 4358 4359 4360 4361 4362 4363 4364 4365
442	4368 4369 4370 4371 4372 4366 4373 4367 4374 4375 4376 4377 4378 4379 4380 4381
443	4384 4385 4386 4387 4388 4389 4385 4383 4382 4390 4391
444	4394 4395 4396 4397 4398 4399 4400 4393 4401 4402 4392 4403 4404 4405 4406 4407 4408
445	4411 4412 4413 4414 4415 4416 4417 4410 4409 4418 4419 4420 4421 4422
446	4425 4426 4427 4428 4429 4430 4431 4424 4423 4432 4433 4434 4435 4436 4437 4438 4439
447	4442 4443 4444 4440 4445 4446 4441
448	4449 4450 4451 4452
449	4455 4456 4457 4458 4459
450	4462 4463 4464 4460 4461
451	4467 4465 4466 4468 4469
452	4472 4473 4474 4475 4476 4477 4478 4471 4470 4479 4480 4481 4482
453	4485 4486 4487 4488 4489 4490
454	4493 4494 4495 4496 4497 4498
455	4501 4502
456	4505 4506 4507 4508 4509 4510 4511 4512 4513 4503
457	4516 4517
458	4520 4521 4522 4523 4524 4518
459	4527 4528 4529 4530 4531 4532 4533 4534 4535 4526 4525 4536 4537
460	4540 4541 4542 4543 4544 4545 4546 4547 4548 4538 4549 4550 4539 4551 4552 4553
461	4556 4557 4558 4559 4560
462	4563 4564 4561 4562 4565 4566 4567 4568 4569 4570 4571
463	4574 4575 4576 4573 4572
464	4581 4582 4583 4584 4585 4586 4587
465	4590 4591 4592 4593 4594
466	4597 4598 4599 4600 4601 4602 4603 4604
467	4607 4608 4609 4610 4611
468	4614 4615 4612 4616 4617
469	4620 4621 4622 4623 4624
470	4627 4628 4629 4630
471	4633 4634 4635 4636 4637 4638 4639 4640 4641 4631
472	4644 4645 4646 4647 4648
473	4651 4652 4649 4653 4654 4655 4650
474	4658 4659 4660 4661 4656
475	4664 4665 4666 4667 4668
476	4671 4672 4673 4674 4675 4669 4670 4676 4677 4678 4679 4680 4681
477	4684 4685 4686 4687 4688 4689 4690 4691
478	4694 4695 4696 4697 4698 4699
479	4702 4703 4704 4705 4706 4707 4708 4709 4710 4700
480	4713 4714 4715 4716 4717 4718 4719 4720 4721 4722 4711 4723
481	4726 4727 4728 4729 4730 4731 4732 4733 4734 6676 4735 6677 4736 4737 4738 4739
482	4742 4743 4744 4745 4746 4747 4748 4749 4750 4751 4752 4753 4754
483	4757 4758 4759 4760 4761 4762 4763 4764 4765 4766 4755 4767 4768 4769 4770 4771 4756 4772 4773
484	4776 4777 4778 4779 4780 4781 4782 4783 4784 4774 4785 4786 4787 4788 4789 4790 4791
485	4794 4795 4796 4797 4798 4799 4792 4800
486	4803 4801 4804 4805
487	4808 4809 4810 4811 4812 4813 4814 4806 4815 4807
488	4818 4819 4820 4821 4822 4823 4824 4816 4825 4826 4817
489	4829 4828 4827 4830 4831
490	4834 4835 4836 4837 4838 4839 4832 4833 4840
491	4843 4844 4845 4846 4847 4848 4849
492	4852 4853 4854 4855 4851
493	4860 4861 4862 4863 4864 4865 4866 4867
494	4870 4871 4872 4873 4874
495	4879 4880 4881 4882 4883 4884 4885 4886
496	4889 4890 4891 4887 4888 4892
497	4895 4896 4894 4897 4893 4898 4899 4900 4901 4902 4903
498	4906 4907 4908 4909 4910 4911 4904 4905
499	4914 4915 4916 4917 4913 4912 4918 4919 4920 4921 4922 4923 4924 4925 4926
500	4929 4930 4931 4932
501	4935 4936 4937 4938
502	4941 4942 4943 4944
503	4947 4948 4949 4950
504	4953 4954 4955
505	4958 4959 4960 4961
506	4964 4965 4966 4967 4968 4969 4970 4963 4971 4972 4962 4973 4974 4975 4976
507	4981 4982 4983 4984 4985 4986 4987 4988 4989 4979
508	4992 4993 4994 4995 4996 6910 4997 4998 6911 4999 5000 5001 5002
509	5005 5006 5007 5008 5009 5003 5010 5011 5004 5012 5013 5014 5015
510	5020 5021 5022 5023 5024 5025 5019 5018
511	5028 7980 7979 5029 5030 5031 5032 5033 5034 5035 5036
512	5039 5040 5037 5041 5042 5043 5044 5045
513	5052 5053 5054 5055 5056 5057 5050 5051 5058 5059
514	5062 5063 5064 5065 5060 5061
515	5068 5069 5070 5071 5066 5067 5072
516	5075 5076 5077 5078 5079 5080 5081 5082 5083 5084 5085 5073
517	5088 5089 5090 5086 5091 5092 5087
518	5095 5094 5093 5096 5097 5098 5099 5100 5101 5102 5103 5104 5105 5106 5107 5108 5109 5110 5111
519	5114 5115 5116 5117 5118 5119 5120 5121 5122 5123 5112 5124 5125
520	5128 5129 5130 5131 5132 5133 5134 5135 5136 5126 5127 5137 5133 5138
521	5141 5142 5143 5144 5145 5146 5147 5148 5149
522	5152 5153 5154 5155 5156 5157 5158 5159 5151 5160 5161 5162 5163
523	5166 5167 5168 5169
524	5174 5175 5176 5177 6679 6678 5178 5179 5180 5181 5182 5183 5184 5185
525	5188 5189 5190 5191 5192 5193 5187 5186 5194 5195
526	5198 5199 5200 5201
527	5204 5205 5206 5207 5208 5209 5210 5211 5212 5213
528	5216 5217 5218 5219 5220 5221 5222 5223 5224 5225
529	5228 5229 5230 5231 5232 5233 5234 5235 5236 5237 5238
530	5241 5242 5243 5244 5245 5246 5247 5248 5249 5250 5251
531	5254 5255 5256 5257 5258 5259 5260 5261 5262 5263 5264
532	5267 5268 5269 5270 5271 5272 5273 5274 5266 5275 5276
533	5279 5280 5281 5282 5283 5284 5285 5286
534	5289 5290 5291 5292 5293 5294 5295
535	5298 5299 5300 5301 5302 5303 5304 5305 5306 5307
536	5310 5309 5311 5312 5313 5314 5315
537	5318 5319 5320 5321 5322 5323
538	5326 5327 5328 5329 5330 5331 5332
539	5335 5336 5337 5338 5339 5340 5341 5342 5343 5344 5345 5346 5334 5347
540	5350 5351 5352 5353 5354 5355 5356 5357 5358
541	5361 5362 5363 5364 5365 5366 5367
542	5370 5371 5372 5373 5374 5375 5376 5377
543	5380 5381 5382 5383 5384 5385 5386 5387 5388
544	5391 5392
545	5395 5396 5397 5398 5399 5400 5401 5402 5403 5404 5394
546	5407 5408 5409 5410 5411 5412 5413
547	5416 5417 5418 5419
548	5422 5423 5421 5420 5424
549	5427 5428 5429 5430 5431 5432 5433 5434 5435
550	5438 5439 5440 5441 5442 5443 5444
551	5447 5448 5449 5450 5451 5452 5453 5454
552	5457 5458 5459 5460 5461 5462 5463 5464
553	5467 5468 5469 5470 5471 5472 5473 5474 5475
554	5478 5479 5480 5481 5482 5483 5484 5485 5486
555	5489 5490 5491 5492 5493 5494 5495 5496 5497
556	5500 5501 5502 5503 5504 6968 5505 6967 5506
557	5509 5510 5511 5512 5513 5514 5507 5508
558	5517 5518 5519 5520 5521 5522
559	5525 5523 5526 5527 5524
560	5530 5531 5532 5533 5534 5535 5536 5537
561	5540 5541 5542 5543 5544
562	5547 5548 5549 5550 5551 5552
563	5555 5556 5557
564	5560 5561 5562 5558 5563 5564 5559
565	5567
566	5570 5571 5572 5573 5574
567	5577 5578 5579 5580 5581
568	5584 5585 5586 5587 5588 5589
569	5592 5593 5594 5595 5590 5591 5596 5597
570	5602 5603 5604 5605 5606 5607 5608 5600 5609 5601 5610 5611 5612 5613 5614
571	5617 5618 5619 5620 5621 5622 5623 5624 5625 5616 5626 5627 5615 5628 5629 5630 5631 5632 5633 5634 5635 5636 5637 5638 5639 5640
572	5643 5644 5645 5646 5647 5648 5649 5650 5651 5641 5642 5652
573	5655 5656 5657 5658 5659 5660 5653 5661 5654 5662 5663 5664
574	5667 5668 5666 5669 5665 5670 5671 5672 5673 5674 5675 5676 5677
575	5680 5681 5682 5683 5684 7882 7881 5685 5686 5687 5688 5689 5690
576	5693 5694 5692 5695 5691 5696 5697 5698 5699 5700
577	5727 5728 5729 5730 5731 5732 5733 5734 5735 5726 5736 5725 5737 5738 5739 5740 5741
578	5744 5745 5746 5747 5748 5743 5742 5749 5750 5751 5752 5753 5754
579	5757 5758 5759 5760 5761 5755 5756 5762 5763 5764
580	5767 5768 5769 5770 5766 5765 5771 5772 5773 5774 5775 5776 5777 5778
581	5781 5782 5783 5784 5785 5779 5780 5786 5787 5788
582	5791 5792 5793 5794 5795 5796 5790 5789 5797 5798 5799
583	5806 5807 5808 5805 5809 5804 5810 5811 5812 5813 5814 5815
584	5818 5819 5816 5820 5821 5822 5823 5824 5825 5826 5827
585	5830 5831 5832 5833 5834 5829 5828 5835 5836 5837 5838 5839 5840
586	5843 5844 5845 5846 5847 5848 5849 5841 5850 5851 5852 5842
587	5855 5856 5857 5858 5859 5860 5854 5853 5861 5862 5863 5864
588	5867 5868 5869 5865 5866 5870 5871 5872 5873
589	5876 5877 5878 5879 5880 5881 5882 5883 5884 5874 5875 5885 5886 5887
590	5890 5891 5892 5893 5894 5895 5896 5897 5898 5899 5900 5889 5888
591	5903 5904 5905 5906 5907 5908 5909 5910 5911 5912 5902 5901 5913 5914 5915 5916
592	5919 5920 5917 5921 5918 5922 5923 5924 5925 5926 5927 5928 5929 5930 5931
593	5934 5935 5936 5937 5938 5939 5940 5932 5941 5942 5943 5933 5944 5945 5946
594	5949 5950 5951 5952 5953 5954 5948 5947 5955 5956 5957
595	5960 5961 5962 5963 5964 5965 5959 5958 5966 5967
596	5970 5971 5972 5973 5974 5975 5976 5977 5968 5969 5978
597	5981 5982 5983 7114 7113 5984 5985 5986 5987 5988
598	5991 5992 5993 5994 5995 5996 5990 5989 5997 5998 5999 6000
599	6003 6004 6005 6006 6007 6008 6009 6010 6011 6012 6013 6001 6002 6014 6015 6016 6017 6018 6019 6020 6021
600	6024 6023 6025 6022 6026 6027 6028 6029 6030 6031 6032 6033 6034 6035 6036 6037 6038 6039
601	6042 6043 6041 6044 6040 6045 6046 6047 6048 6049 6050
602	6053 6052 6051 6054 6055 6056 6057 6058 6059 6060 6061 6062
603	6065 6066 6067 6068 6069 6063 6070 6064 6071 6072 6073 6074 6075 6076
604	6079 6080 6081 6082 6083 6084 6085 6077 6078 6086 6087 6088
605	6091 6092 6093 6094 6095 6096 6097 6090 6098 6089 6099 6100
606	6103 6104 6105 6106 6107 6108 6109 6110 6111 6112 6113 6114 6101 6115 6116 6117 6118 6102
607	6121 6122 6123 6119 6124 6125 6126 6127 6128 6129 6120 6130 6131 6132 6133
608	6136 6137 6138 6139 6140 6141 6142 6143 6144 6145 6134 6135 6146
609	6149 6147 6148 6150 6151 6152 6153 6154 6155 6156
610	6159 6160 6161 6162 6163 6157 6164 6165 6158 6166 6167
611	6170 6171 6169 6168 6172 6173 6174 6175 6176 6177 6178 6179
612	6182 6183 6184 6185 6186 6187 6181 6180 6188 6189 6190
613	6193 6194 6195 6196 6197 6198 6199 6200 6201 6202 6203 6204 6205 6191 6192 6206 6207
614	6210 6211 6212 6213 6214 6215 6209 6216 6217 6218 6208
615	6221 6222 6223 6224 6219 6225 6220 6226 6227 6228 6229 6230 6231
616	6234 6235 6236 6232 6237 6238 6239 6233 6240 6241
617	6244 6245 6246 6247 6248 6242 6243 6249 6250
618	6253 6254 6255 6256 6257 6258 6259 6252 6251 6260 6261 6262
619	6265 6266 6267 6264 6263 6268 6269 6270 6271 6272 6273 6274 6275 6276 6277
620	6280 6281 6282 6283 6284 6279 6285 6286 6287 6278 6288 6289 6290 6291 6292
621	6295 6296 6293 6294 6297 6298 6299 6300 6301 6302 6303 6304
622	6307 6308 6306 6309 6305 6310 6311 6312 6313 6314 6315 6316 6317 6318 6319 6320
623	6323 6321 6324 6325 6326 6327 6328 6329 6322 6330 6331 6332 6333 6334
624	6337 6338 6336 6339 6335 6340 6341 6342 6343
625	6346 6347 6348 6349 6350 6351 6352 6353 6354 6355 6356 6357 6344 6345 6358 6359 6360 6361 6362 6363 6364
626	6367 6368 6369 6370 6371 6365 6372 6373 6374 6375 6376 6377 6366 6378
627	6381 6382 6383 6384 6380 6385 6386 6387 6379 6388 6389 6390
628	6393 6394 6395 6396 6397 6398 6399 6392
629	6402 6403 6401 6404 6400 6405 6406 6407 6408 6409 6410
630	6413 6414 6415 6416
631	6419 6420 6421 6422
632	6425
633	6428 6429 6430 6431 6432 6433 6434 6435 6436 6426 6427 6437 6438
634	6441 6439 6440 6442 6443 6444
635	6447 6448 6449 6450 6451 6452 6453 6454 6455 6456 6457 6445 6458 6459 6460
636	6463 6464 6465 6466 6462 6461 6467 6468 6469
637	6471 6472 6473 6474 6470 6475 6476
638	6481 6482 6479 6483 6484 6485 6486 6487
639	6490 6491 6492 6493 6494 6495 6673 6496 6672 6497 6498 6499 6500
640	6503 6504 6505 6506 6507
641	6510 6511 6512 6513 6508
642	6516 6517 6518
643	6521 6522 6519 6523
644	6526 6527 6524
645	6530 6531 6532 6528 6533 6534 6535
646	6538 6539 6540 6536
647	6543 6544 6545 6546 6541 6547 6548 6549 6550
648	6553 6554 6551 6555 6556 6557 6558 6559 6560 6561
649	6564 6565 6566 6567 6562 6568 6569 6570 6571
650	6574 6575 6576 6577 6572 6578 6579 6580 6581
651	6584 6585 6586 6587 6582 6588 6589 6590 6591 6592 6593
652	6596 6597 6598 6599 6594 6600 6601 6602
653	6605 6606 6607 6608 6603 6609 6610 6611 6612
654	6615 6616 6617 6618 6613 6619 6620 6621 6622 6623 6624 6625
655	6628 6629 6630 6631 6632 6627 6633 6626 6634 6635 6636
656	6639 6640 6641 6642 7206 6643 7205 6644 6645 6646 6647 6648
657	6651 6650 6649 6652 6653 6654 6655 6656 6657 6658
658	6663 6664 6662 6665 6661 6666 6667 6668 6669 6670 6671
659	6682 6683 6681 6684 6680 6685 6686 6687 6688 6689 6690
660	6693 6692 6694 6691 6695 6696 6697 6698 6699
661	6702 6703 6704 6705 6701 6706 6707 6708 6700 6709 6710
662	6715 6716 6717 6718 6713 6719 6720 6721 6714
663	6726 6725 6727 6724 6728 6729 6730 6731 6732 6733
664	6736 6737 6738 6739 6734 6735 6740 6741 6742 6743 6744 6745 6746 6747 6748 6749 6750 6751 6752 6753
665	6756 6757 6755 6754 6758 6759 6760 6761 6762
666	6765 6766 6767 6768 6763 6769 6770 6771 6764 6772 6773 6774 6775 6776 6777
667	6782 6783 6784 6785 6780 6786 6787 6788 6789 6790 6791 6792 6793 6794
668	6797 6798 6799 6795 6796 6800 6801 6802
669	6805 6806 6807 6808 6803 6804 6809 6810 6811 6812 6813 6814 6815 6816 6817
670	6820 6821 6822 6823 6824 6825 6818 6819
671	6828 6829 6830 6831 6826 6827 6832
672	6835 6836 6833 6834 6837 6838 6839 6840 6841 6842 6843 6844 6845 6846
673	6849 6848 6850 6847 6851 6852 6853 6854 6855 6856 6857 6858 6859 6860
674	6865 6866 6867 6863 6868 6864 6869 6870
675	6873 6874 6875 6876 6877 6878 6879 6872 6871 6880
676	6885 6886 6887 6888 6889 6890 6891 6884 6892 6883
677	6895 6896 6897 6898 6899 6900 6901 6894 6893 6902 6903 6904 6905 6906 6907 6908 6909
678	6914 6915 6913 6916 6912 6917 6918 6919 6920 6921 6922 6923 6924 6925
679	6928 6929 6930 6926 6927 6931 6932 6933 6934 6935 6936 6937 6938 6939 6940 6941
680	6944 6943 6945 6942 6946 6947 6948 6949 6950 6951 6952 6953 6954 6955
681	6958 6959 6960 6961 6956 6962 6963 6964 6965 6966 6957
682	6971 6972 6973 6974 6969 6970 6975 6976 6977
683	6980 6981 6982 6983 6979 6978 6984 6985 6986 6987 6988 6989
684	6992 6993 6994 6995 6990 6991 6996 6997 6998
685	7001 7002 7003 7004 7005 7006 7007 7008 7000 6999 7009 7010 7011 7012 7013
686	7016 7017 7018 7019 7020 7021 7022 7023 7024 7015 7014 7025 7026
687	7029 7030 7031 7032 7033 7027 7034 7028 7035
688	7038 7039 7040 7041
689	7044 7045 7046 7047 7043 7048 7049 7050 7042 7051 7052 7053 7054 7055
690	7058 7059 7057 7060 7056 7061 7062 7063 7064 7065 7066 7067 7068 7069 7070 7071 7072 7073
691	7076 7077 7078 7079 7080 7081 7082 7075 7083 7084 7074 7085
692	7088 7089 7090 7091 7092 7086 7087 7093 7094 7095 7096 7097 7098 7099
693	7102 7103 7104 7101 7105 7106 7100 7107 7108 7109 7110 7111 7112
694	7117 7118 7119 7120 7121 7122 7123 7116 7124 7125 7115 7126 7127 7128 7129
695	7136 7137 7138 7139 7135 7140 7141 7134 7142 7143 7144
696	7147 7148 7149 7150 7151 7146 7152 7153 7145 7154 7155 7156 7157 7158 7153 7159 7160 7161 7162 7163 7164 7165 7166 7167 7168
697	7171 7172 7173 7174 7175 7170 7176 7169 7177 7178 7179 7180 7181 7182 7183 7184 7185
698	7188 7189 7190 7191 7192 7187 7193 7194 7186 7195 7196 7197 7198 7199 7194 7200 7201 7202 7203 7204
699	7209 7210 7211 7212 7213 7208 7214 7207 7215 7216 7217 7218 7219 7220 7221 7222 7223 7224 7225 7226
700	7229 7230 7231 7232 7233 7234 7235 7236 7237 7238 7239 7227 7240 7241 7228
701	7244 7245 7246 7247 7248 7243 7249 7250 7251 7242 7252 7253 7254 7255 7256 7257
702	7260 7261 7262 7263 7264 7265 7266 7267 7268 7269 7270 7271 7272 7273 7259 7258 7274 7275 7276 7277
703	7280 7281 7282 7283 7284 7285 7286 7287 7279 7288 7278 7289 7290 7291 7292 7293 7294 7295 7296 7297
704	7300 7301 7302 7303 7304 7299 7305 7298 7306 7307 7308 7309 7310
705	7313 7314 7315 7312 7316 7311 7317 7318 7319 7320 7321 7322
706	7325 7326 7327 7328 7329 7324 7330 7323 7331 7332 7333 7334 7335
707	7338 7339 7340 7341 7342 7343 7344 7345 7336 7346 7337
708	7349 7350 7348 7351 7347 7352 7353 7354 7355 7356 7357
709	7360 7361 7362 7363 7364 7359 7365 7366 7358 7367 7368 7369 7370 7371 7372
710	7375 7376 7377 7378 7379 7380 7381 7382 7383 7384 7373 7374 7385 7386
711	7389 7388 7390 7391 7387 7392 7393 7394 7395 7396 7397 7398 7399 7400 7401 7402 7403 7404 7405
712	7408 7409 7410 7406 7411 7407 7412 7413 7414
713	7416 7417 7415 7418 7419 7420 7421 7422 7423 7424 7425 7426
714	7429 7430 7431 7432 7433 7434 7435 7436 7428 7437 7427 7438 7439
715	7442 7443 7444 7445 7446 7441 7447 7448 7449 7450 7440 7451 7452 7448 7453 7454 7455 7456 7457
716	7460 7461 7462 7463 7464 7459 7465 7466 7467 7458 7468 7469 7470 7471
717	7474 7475 7473 7476 7472 7477 7478 7479 7480 7481 7482 7483 7484 7485 7486 7487
718	7490 7491 7492 7493 7489 7494 7495 7496 7497 7488 7498 7499 7500 7501 7502 7503 7504 7505 7506
719	7509 7510 7511 7508 7512 7513 7507 7514 7515 7516 7517 7518 7519 7520 7521 7522
720	7525 7526 7527 7528 7523 7524 7529 7530 7531 7532 7533
721	7536 7537 7538 7539 7540 7541 7535 7534 7542 7543 7544 7545 7546 7547 7548 7541 7549 7550 7551
722	7554 7555 7556 7557 7558 7553 7552
723	7561 7562 7563 7564 7565 7566 7567 7568 7569 7570 7571 7572 7573 7559 7560 7574 7575 7576
724	7579 7580 7581 7577 7578 7582 7583 7584 7585 7586 7587
725	7590 7591 7592 7593 7594 7588 7589 7595 7596 7597 7598 7599
726	7602 7603 7604 7605 7606 7607 7600 7601 7608 7609 7610 7611 7612
727	7615 7616 7617 7618 7619 7613 7620 7621 7622 7623 7624 7625 7626 7627 7628 7614 7629 7630 7631 7632 7633 7634
728	7637 7638 7636 7635 7639 7640 7641 7642 7643 7644 7645
729	7648 7649 7650 7651 7652 7653 7647 7654 7655 7646 7656 7657 7658
730	7661 7662 7663 7664 7665 7666 7659 7660 7667 7668
731	7671 7672 7673 7674 7675 7676 7677 7669 7678 7679 7670
732	7682 7683 7684 7685 7686 7687 7688 7689 7690 7691 7692 7693 7681 7680 7694 7695 7696
733	7699 7700 7701 7702 7703 7704 7705 7706 7707 7708 7709 7710 7711 7697 7698 7712 7713 7714 7715 7716 7717 7718 7719
734	7722 7723 7724 7725 7726 7727 7728 7729 7730 7731 7732 7721 7733 7720 7734 7735 7736 7737 7738 7739 7740
735	7743 7744 7745 7746 7747 7748 7749 7750 7751 7752 7753 7741 7742 7754 7755 7756 7757
736	7760 7761 7762 7763 7764 7759 7758 7765 7766 7767 7768 7769 7770 7771 7772 7773 7774 7775 7776
737	7779 7780 7781 7782 7783 7784 7778 7777 7785 7786 7787 7788 7789 7790 7791 7792 7793 7794 7795 7796 7790 7797 7798 7799 7800
738	7803 7804 7805 7806 7807 7808 7801 7802 7809 7810
739	7813 7814 7815 7816 7817 7811 7812 7818
740	7821 7822 7823 7824 7825 7820 7819 7826 7827 7828
741	7831 7832 7833 7834 7835 7836 7837 7838 7839 7840 7841 7842 7829 7843 7844 7845 7830 7846 7847
742	7850 7851 7852 7853 7854 7855 7856 7857 7858 7848 7849 7859 7860 7861 7862 7863 7864 7865
743	7868 7869 7866 7867 7870 7871 7872 7873 7874 7875 7876 7877 7878
744	7885 7886 7887 7888 7889 7890 7891 7892 7893 7894
745	7897 7898 7899 7895 7896 7900 7901 7902 7903 7904
746	7907 7908 7909 7910 7911 7912 7913 7914 7915 7906 7905
747	7918 7919 7920 7921 7922 7923 7924 7925 7926 7927 7928 7916 7917 7929 7930 7931 7932 7933
748	7936 7937 7938 7939 7940 7941 7942
749	7945 7946 7947 7948 7949 7943 7950 7944 7951 7952 7953 7954 7955 7956 7957
750	7960 7961 7962 7963 7964 7965 7966 7959 7958 7967 7968 7969 7970 7971
751	7974 7975 7976 7972 7973 7977 7978
752	7983 7984 7985 7986 7981 7987 7982 7988 7989 7990 7991 7992 7993 7994 7995 7996 7997 7998
753	8001 8002 8003 8004 8005 8006
754	8009 8010 8011 8012 8013 8014 8015 8016 8017 8007 8008 8018
755	8021 8022 8023 8024 8025 8026 8027 8028 8029 8019 8020 8030 8031
756	8034 8035 8036 8037 8038 8032 8039 8040 8041
757	8044 8045 8046 8047 8048 8042 8049
758	8052 8053 8054 8055 8056 8057 8050
759	8060 8061 8062 8063 8064 8065 8066 8067 8068 8069 8070 8071 8058 8059 8072
760	8075 8076 8077 8078 8079 8080 8081 8082 8083 8074 8084 8073 8085 8086
761	8089 8090 8091 8092 8093 8094 8095 8096 8097 8087 8098 8099 8088 8100 8101 8102 8103
762	8106 8107 8108 8109 8110
763	8113 8114
764	8117 8118 8119
765	8122 8123 8124 8125 8126 8127
766	8130 8131 8132 8133
767	8136 8135 8137 8134 8138 8139 8140 8141 8142 8143 8144 8145 8146 8147 8148 8149 8150 8151 8152 8153 8154
768	8157 8158 8159 8160 8155 8161 8162 8163 8164 8165 8166 8156 8167 8168
769	8171 8172 8169 8170 8173 8174 8175
770	8178 8179 8180 8181 8182 8183 8176 8184 8185 8186
771	8189 8190 8191 8192 8193 8194 8195 8196 8197 8198 8199 8200 8188 8187 8201 8202 8203
772	8206 8207
773	8210 8211 8212 8213 8214 8215 8216 8217 8218 8208
774	8221 8222 8223 8224 8219 8220 8225 8226 8227 8228 8229 8230
775	8233 8234 8235 8236
776	8239 8240 8241 8242 8237 8238
777	8245 8246 8247 8248 8249
778	8252 8253 8254 8251 8250 8255 8256 8257 8258 8259
779	8262 8260 8263 8264 8261 8265 8266 8267 8268 8269 8270
780	8273 8274 8271 8272 8275 8276 8277 8278
781	8281 8282 8283 8284 8285
782	8288 8289 8286 8290 8291 8292 8293 8294
783	8297 8298 8299 8300 8301 8302
784	8305 8306 8307 8308 8309 8310 8311 8312 8313 8314 8315 8316 8303 8317 8318
785	8321 8322
786	8325 8326 8327 8328 8329 8323 8330 8331
787	8334 8335 8336 8337 8338 8339 8340 8333 8332 8341 8342 8343
788	8346 8347 8348 8349
789	8352 8353 8351 8354 8350 8355 8356 8357 8358 8359 8360
790	8363 8364 8365
791	8368 8369 8370 8371 8372 8373 8374 8375 8376
792	8379 8380 8377 8381 8382
793	8385 8386 8387 8384 8383 8388 8389 8390 8391 8392
794	8394 8393 8395 8396
795	8399 8400 8401 8402 8403 8404 8405 8397 8406 8407
796	8410 8411 8412 8408
797	8415 8416 8417 8418 8419 8420 8421 8422 8423 8414 8424 8413 8425 8426 8427
798	8430 8431 8432 8428 8433 8429 8434 8435
799	8438 8439 8440 8441 8442 8443 8444 8445 8446 8447
800	8450 8451 8452 8453 8454 8455 8456
801	8459 8460 8461 8462 8463 8464 8465 8466 8467 8468 8469 8470 8471 8472
802	8475 8476 8477 8478 8479 8480 8474 8473 8481 8482 8483 8484 8485 8486 8487 8488
803	8491 8492 8493 8494 8495 8496 8490 8489 8497 8498
804	8501 8502 8503 8504
805	8507 8508 8509 8510 8511 8506 8505 8512 8513 8514 8515 8516 8517 8518 8519 8515 8520
806	8523 8524 8525 8526 8527 8522 8521 8528 8529 8530
807	8533 8534 8535 8536
808	8539 8540 8537 8538 8541 8542 8543
809	8546 8547 8548 8549 8550
810	8553 8554 8555 8556 8551 8557 8558
811	8561 8562 8563 8564 8565
812	8568 8569 8570 8571 8572 8573 8574 8575 8576 8577 8578 8579
813	8582 8583 8581 8580 8584
814	8587 8588 8589
815	8592 8593 8594 8595
816	8598 8599 8600 8601 8602 8603 8604 8605 8606 8607 8596 8597 8608 8609
817	8612 8613 8614 8615 8616 8617 8618 8619 8620 8621
818	8622 8624 8625 8626 8623
819	8629 8630 8631 8632 8633 8634 8627 8628 8635
820	8638 8639 8640 8641
821	8644 8645 8646 8647
822	8650 8651 8648 8649
823	8654 8655 8656 8657 8658 8659 8660 8661 8662
824	8665 8666 8667 8668 8663 8664 8669 8670
825	8673 8674 8675 8676 8677 8678 8672 8679 8680 8671
826	8683 8684 8685 8686
827	8689 8690 8691 8692 8693 8694 8688 8687
828	8697 8698 8699 8700 8701 8702 8696 8703 8695 8704 8705
829	8708 8709 8710 8711 8712
830	8715 8716 8717
831	8720 8721 8722 8723 8724 8725 8726 8727 8718 8719 8728 8729 8730 8731 8732
832	8735 8736 8737
833	8740 8741 8738 8739 8742
834	8745 8744 8743 8746 8747 8748 8749 8750
835	8753 8754 8755 8756 8757 8758 8759
836	8762 8763 8764 8760 8761 8765 8766 8767 8768 8769
837	8772 8770 8773 8774 8775 8776 8771
838	8779 8780
839	8783 8784 8785 8786 8787 8788 8781 8789
840	8792 8793 8794 8795 8796 8797 8798 8791 8790 8799 8800 8801 8802 8803 8804
841	8807 8808 8806 8809 8810
842	8813 8814 8815 8816 8817 8818 8819 8820 8821
843	8824 8825 8826 8827 8822
844	8830 8831 8832 8829 8828 8833 8834 8835 8836 8837 8838 8839
845	8842 8843 8844 8845 8846 8847 8848 8849 8850 8851 8852 8853 8854 8840 8855 8856 8841
846	8859 8860
847	8863 8864 8865 8866 8861
848	8869 8870 8871 8872 8873 8874
849	8877 8878 8875 8876 8879
850	8882 8883 8884 8885 8886 8887 8881 8888 8889
851	8892 8893 8894 8895 8890 8896 8897 8898 8899 8900 8901 8891
852	8904 8902 8905 8906 8907 8908 8909 8910 8911 8912 8913 8914 8915 8916 8917 8918 8919
853	8922 8923 8924
854	8927 8928 8929 8930 8931
855	8934 8935 8936 8937 8933 8938 8932 8939 8940 8941 8942
856	8945 8946 8947 8944 8948 8943 8949 8950 8951 8952 8953 8954 8955
857	8958 8959 8956 8957 8960 8961 8962
858	8965 8966 8967 8963 8964 8968 8969 8970 8971 8972 8973 8974 8975
859	8978 8979 8980 8981 8982 8983 8984 8985 8986 8987 8976 8977 8988
860	8991 8992
861	8995 8996 8997 8993 8998 8994 8999 9000 9001 9002 9003
862	9006 9007 9008 9009 9010 9011 9012 9013
863	9016 9017 9018 9015 9014
864	9021 9022 9023 9024 9025 9026 9027 9028
865	9031 9032 9029 9033 9034 9035 9036 9037 9030
866	9040 9041 9042 9043 9038 9039 9044 9044 9045 9046 9047
867	9050 9051 9052 9053
868	9056 9057 9058 9054 9059 9060
869	9063 9064 9065
870	9068 9069 9070 9071 9072 9066 9067 9073 9074 9075 9076 9077 9078 9079 9080
871	9083 9084 9085
872	9088 9089 9090 9091 9092 9093 9094 9095 9096 9097 9086 9087 9098
873	9101 9102 9103 9104
874	9107 9108 9109 9110 9111
875	9114 9115 9112 9116 9117 9118 9119 9120 9121 9113
876	9124 9125 9126 9122 9127 9128 9123 9129 9130 9131 9132
877	9135 9136 9137 9133
878	9140 9141 9142 9143 9144 9145
879	9148 9149 9150 9151 9146 9152 9153 9154 9155
880	9158 9159 9160 9156 9161 9162 9163 9157 9164
881	9167
882	9170 9171 9172
883	9175 9176 9177 9178 9173 9179 9180 9174 9181 9182 9183 9184 9185
884	9188 9189
885	9192 9193 9194 9195 9196 9197 9190 9198 9199 9191 9200 9201
886	9204 9205
887	9208 9209 9210 9211 9212 9213 9206 9207 9214 9215 9216 9217 9218 9219
888	9222 9223 9224 9225 9226 9227
889	9230 9231 9232 9233 9234 9229 9228 9235 9236
890	9239 9240 9241 9242 9243 9244 9245 9246
891	9249 9250 9251 9252 9253 9254 9255 9247 9256
892	9259 9260 9261 9257 9262
893	9265 9266 9267 9268 9263 9269 9270 9271
894	9274 9275
895	9278 9279 9280 9281 9282 9283 9276 9277 9284
896	9287 9288 9289 9290 9291 9285 9292 9293 9294 9286 9295 9296 9297 9298
897	9301 9302 9303 9304 9305 9300 9299 9306 9307 9308 9309 9310 9311
898	9314 9315 9316
899	9319 9320 9321 9322 9323 9317 9324 9318 9325
900	9328 9329 9330 9331 9332 9333 9334 9335 9326 9327 9336
901	9339 9340 9341 9342 9343 9344 9345 9337 9346 9347 9348 9349 9350 9338
902	9353 9354 9355 9356 9357 9358 9359 9360 9361 9362 9351 9363 9364 9365 9366 9352
903	9369 9370 9371 9372 9367 9368 9373
904	9376 9377 9378 9379 9380 9375 9374 9381 9382 9383 9384
905	9387 9388 9389 9390 9391 9392 9385 9393 9386 9390
906	9396 9397 9394 9398 9399 9400 9401 9402 9403
907	9406 9407 9408 9409 9410
908	9413 9414 9415 9412 9411 9416
909	9419 9420 9417 9418 9421 9422
910	9425 9426 9427 9428 9429 9430 9431
911	9434 9435 9432 9436 9433 9437 9438
912	9441
913	9444 9445 9446 9447
914	9450 9451 9452 9449 9448 9453 9454 9455 9456 9457 9458 9459 9460
915	9463 9464 9465 9461
916	9468 9469 9466 9470
917	9473 9474 9475 9476 9477
918	9480 9481 9482 9478 9483 9484
919	9487 9488 9489 9490 9491 9492 9493 9494 9485 9495
920	9498 9499 9500 9501 9496 9497 9502 9503
921	9506 9507 9508 9504 9505
922	9511 9512 9513 9514 9515 9516 9517 9518 9510 9519 9509 9520
923	9523 9524 9522 9525 9521 9526 9527 9528 9529 9530
924	9533 9534 9535 9536 9537 9532 9531 9538
925	9541 9542 9543 9539 9544 9545 9546 9540 9547
926	9550 9551 9552 9553 9554 9555 9556 9557
927	9560 9561 9562 9563 9564 9565 9566 9567 9559 9568 9569 9558 9570 9571 9572 9573
928	9576 9577
929	9580 9581 9582 9583 9584 9585 9586 9587 9578
930	9589 9590 9588
931	9593 9594 9595 9596
932	9599 9600 9601 9602 9597 9598
933	9605 9606 9607 9608 9609 9610 9604 9603 9611 9612
934	9614 9615 9613 9616 9617 9618 9619 9620 9621 9622 9623 9624 9625
935	9628 9629 9630 9631 9632 9633 9634 9635 9636
936	9639 9640 9641 9642
937	9645 9646 9647 9648 9649 9643
938	9652 9653 9650 9654 9655
939	9658 9659 9660 9661 9662 9663 9664 9665
940	9668 9669 9670 9667 9666 9671 9672 9673 9674 9675
941	9678 9679 9680 9681 9682 9683 9684
942	9687 9688 9686 9685 9689
943	9692 9693 9694 9695 9696 9697 9691 9698 9690 9699 9700 9701 9702
944	9705 9706 9707 9708 9709 9710
945	9713 9714 9715 9716 9717 9712 9718 9719 9720 9711 9721 9722 9723 9724
946	9727 9728 9729 9730 9731 9732 9733
947	9736 9737 9734 9738 9739 9740 9741 9742 9743 9744 9735 9745 9746 9747 9748
948	9751 9749
949	9754 9755 9752 9756 9757 9758 9759 9760
950	9763 9764 9765 9766 9767 9768
951	9770 9769 9771
952	9774 9775
953	9778 9779 9780 9781 9777 9776 9782 9783 9784
954	9787 9788 9789 9790
955	9793 9794 9795 9796 9797 9798 9799 9800 9801 9802 9803 9804 9792 9805 9791 9806 9807
956	9810 9811 9812 9813
957	9816 9817 9818 9819 9820
958	9823 9824 9825 9826 9827 9828 9829
959	9832 9833 9834 9835 9836 9837 9838 9839 9830 9840 9841 9842 9843 9844
960	9847 9848 9849 9850 9851 9852 9853 9854
961	9857 9858 9859 9860 9861 9862 9855 9863
962	9866 9867 9868 9869 9870 9871 9864 9872 9873 9865 9874
963	9876 9875 9877 9878 9879
964	9882 9883 9884 9885 9880 9881 9886
965	9889 9890
966	9893 9894 9895 9896 9897 9898 9899
967	9902 9903 9904 9905 9906 9907
968	9910 9911
969	9914 9912 9915 9916
970	9919 9920 9918 9917 9921 9922 9923
971	9926 9927 9928 9929
972	9932 9931 9930 9933 9934 9935 9936 9937
973	9940 9941 9942 9943 9944 9945 9946 9947 9948 9949 9938
974	9952 9951 9953 9950
975	9956 9957 9958 9959 9960 9961 9962 9954 9955 9963 9964
976	9967 9968 9969 9970 9971
977	9974 9975 9976 9977 9978 9979 9980 9972 9981 9982 9973 9983
978	9986 9987 9988 9985 9989 9990 9991 9992 9993 9994 9984
979	9997 9998 9996
980	10001 10002 10003 10004 9999 10000 10005
981	10008 10009 10006 10007 10010 10011 10012 10013
982	10016 10017 10014 10015 10018 10019 10020 10021
983	10024 10025 10026 10027 10022 10023 10028 10029 10030 10031 10032 10033 10034
984	10037 10038 10039 10036 10035 10040 10041 10042
985	10045 10046 10047
986	10050 10051 10052 10053 10054 10055 10056 10057 10048 10058
987	10061 10062 10060 10059 10063 10064 10065 10066 10067 10068 10069 10070
988	10073 10074 10075 10076 10072 10077
989	10080 10081 10082 10083 10084 10085 10086 10087 10078 10079 10088 10089 10090 10091 10092
990	10095 10096 10093 10094 10097 10098
991	10101 10102 10103 10104 10105 10106 10107
992	10110 10111 10112 10113 10114 10115 10109 10108 10116 10117
993	10120 10121 10122 10123 10124 10125 10126 10127 10128 10129
994	10132 10133 10134 10135 10136
995	10139 10140 10141 10142 10143 10144 10145 10146 10147 10148
996	10151 10150 10149 10152 10153 10154 10155 10156 10157 10158 10159 10160 10161 10162 10163
997	10166 10167 10168 10169 10164 10165 10170
998	10173 10174 10175 10176 10177
999	10180 10181 10182 10183 10184 10185 10178 10179 10186 10187
1000	10190 10191 10192 10193 10188 10189 10194 10195 10196 10197 10198 10199
1001	10202 10203 10204 10201 10205 10206 10207
1002	10210 10211 10212
1003	10215 10216 10217 10218
1004	10230 10231 10232 10233 10234 10228 10229 10235 10236 10237 10238
1005	10241 10242 10243 10244 10245 10246
1006	10249 10250 10248 10247 10251 10252 10253 10254 10255 10256 10257 10258 10259
1007	10262 10263 10264 10265 10266 10267 10268 10269
1008	10272 10273 10274 10275 10276 10277 10271 10270 10278 10279 10280 10281 10282 10283
1009	10286 10287 10288 10289
1010	10292 10293 10294
1011	10297 10298 10299 10300 10301 10302 10303 10304 10295 10296 10305 10306 10307 10308 10309
1012	10312 10313
1013	10316 10317 10318 10319 10320 10315 10321 10322 10314 10323 10324 10325 10326
1014	10329 10330 10331 10332
1015	10335 10334 10333 10336 10337 10338 10339 10340 10341 10342
1016	10345 10346 10347
1017	10350 10351 10352 10353 10354 10355 10356 10357 10358 10359 10348 10360 10361 10362 10363
1018	10366 10367 10368 10369 10370 10371 10372 10373 10374 10375 10365 10364
1019	10378 10379 10380 10381 10382 10383 10376 10384
1020	10387 10386 10385 10388 10389 10390 10391 10392 10393 10394 10395 10396
1021	10399 10400 10401 10402 10403 10398 10404 10405 10397
1022	10408 10409 10410 10411
1023	10414 10415 10416 10417 10418 10413 10412 10419 10420 10421 10422
1024	10425 10426 10427 10428 10429 10430
1025	10433 10434 10435 10436 10431 10432 10437 10438 10439
1026	10442 10443 10444 10445 10446 10447 10448 10449 10450 10451 10452 10453 10454 10455 10440 10456 10457 10458 10459 10441 10460 10461
1027	10464 10465 10466 10467 10468
1028	10471 10472 10473 10474 10475 10476 10469 10470 10477
1029	10480 10481 10482 10478 10483
1030	10486 10487 10488 10489 10490 10491 10492 10493 10494 10485 10495 10496 10497 10484 10498 10499 10500 10501
1031	10504 10505 10506 10507 10508 10509 10502
1032	10512 10513 10510 10511 10514 10515 10516 10517
1033	10520 10521 10522 10523 10524
1034	10527 10528 10529 10525 10526 10530 10531 10532 10533 10534 10535
1035	10538 10539 10540 10541
1036	10544 10545 10546 10547 10548 10549 10542 10550 10551 10552 10553 10554 10555 10556
1037	10559 10560 10561 10558 10557 10562 10563 10564 10565 10566 10567 10568 10569 10570
1038	10573
1039	10575 10574 10576 10577 10578 10579
1040	10582 10583 10584 10585 10586 10587 10588 10589 10590 10581 10591 10592 10580 10593 10594 10595 10596 10597 10598 10599 10600 10601 10602
1041	10605 10606 10607 10604 10603 10608 10609 10610
1042	10613 10614 10615 10616 10617 10618 10611 10612 10619 10620 10621 10622 10623 10624 10625 10626
1043	10629 10630
1044	10633 10634 10635 10636 10637 10638 10639 10631 10640 10641 10642 10643 10644 10645 10646 10647 10648 10632 10649
1045	10652 10653 10654 10655 10651 10656
1046	10659 10660 10661 10662 10663
1047	10666 10667 10668 10665 10664 10669 10670
1048	10673 10674 10675
1049	10678 10679 10680 10677 10676 10681 10682 10683 10684 10685 10686
1050	10689 10690 10691 10692 10693 10694
1051	10697 10698 10699 10700
1052	10703 10704 10705 10706 10707 10708 10709
1053	10712 10713 10714 10715 10716 10717 10718 10719 10720 10721 10722 10723 10724
1054	10727 10728 10729 10730 10731 10732 10733 10734 10735 10736 10726 10737 10725 10738
1055	10741 10742 10743 10744 10745 10746 10747 10739 10740 10748 10749 10750 10751
1056	10754 10755 10756 10752 10753 10757 10758 10759
1057	10762 10763 10764 10765 10766 10767 10768 10769 10770 10771 10772 10773 10761 10774 10775 10760 10776
1058	10779 10780 10781 10782 10783 10778 10784 10777
1059	10787 10788 10789 10785 10790 10791 10786 10792 10793 10794 10795
1060	10798 10799 10800 10801 10802 10796
1061	10805 10806
1062	10809 10810 10808 10811 10812 10807 10813 10814 10815 10816
1063	10819 10820 10821 10822 10823 10824 10825 10826 10827 10828 10829 10830 10831 10817 10832 10833
1064	10836 10837 10838 10839 10840 10841 10842 10843
1065	10846 10847 10848 10849 10850 10851 10852 10853 10854 10845 10855 10844 10856
1066	10859 10860 10858 10857 10861 10862 10863
1067	10866 10867 10868
1068	10871 10872 10873 10874 10875 10876 10877 10869 10878 10879 10880 10881 10882
1069	10885 10886 10887 10883 10884 10888 10889
1070	10892 10893 10894 10895 10896 10897 10890 10898
1071	10901 10902 10903 10899 10904 10905 10906 10907
1072	10910 10911 10912 10913 10914 10909 10908 10915 10916 10917 10918
1073	10921 10922 10923 10924 10919
1074	10927 10928 10929 10930 10931 10925 10932 10933 10926 10934
1075	10937 10938 10939
1076	10942 10943
1077	10946 10947 10948 10949 10944 10950 10951 10945 10952 10953 10954
1078	10957 10955 10958 10959 10960 10961 10962 10963 10964 10965 10966
1079	10969 10970 10971 10972 10973 10974 10975
1080	10978 10979 10980 10981 10982 10983 10984 10985 10986
1081	10989 10990 10987 10991 10992 10993 10994 10995 10996
1082	10999 11000
1083	11003 11004 11001 11002 11005 11006 11007 11008
1084	11011 11012 11013 11010 11009 11014 11015 11016
1085	11019 11020 11021 11022 11023 11024 11025 11026 11017 11018
1086	11029 11030
1087	11033 11034 11035 11036
1088	11039 11037 11040 11041 11042 11043 11044 11045 11046 11047 11048 11049 11050 11051 11052 11038
1089	11055 11056 11057 11058 11059 11060 11053 11061 11062 11063 11064 11065
1090	11068 11069 11070 11071 11072 11073 11066 11074 11075 11076 11077 11078
1091	11081 11082 11079 11080 11083 11084
1092	11087 11088 11089 11086 11085 11090 11091 11092 11093 11094 11095 11096 11097 11098
1093	11101 11102 11103 11104 11105 11099 11100 11106 11107 11108
1094	11111 11112 11113 11114 11115 11116
1095	11119 11120 11121 11122 11123 11124 11125 11117 11126 11127 11128 11129 11130 11131 11132 11133
1096	11136 11137 11138 11139 11140 11135 11134 11141 11142 11143 11144 11145 11146 11147
1097	11150 11151 11152 11153 11154 11155 11156 11149 11148 11157 11158 11159 11160 11161 11162 11163 11164
1098	11167 11168 11169 11170 11171 11172 11173 11165 11174
1099	11177 11178 11179 11175 11180 11179 11176 11181 11182
1100	11185 11186 11187 11188 11189
1101	11192 11193 11194 11195 11196 11197 11198 11190 11199 11200 11201 11202 11203 11204
1102	11207 11208 11209 11210 11206 11205 11211 11212 11213 11214 11215 11216 11217
1103	11220 11218 11221 11222 11223 11224 11225
1104	11228 11229 11227 11226 11230 11231 11232
1105	11235 11236 11237 11233 11234 11238 11239 11240 11241
1106	11244 11245 11246
1107	11249 11250 11251 11252 11253 11247 11248 11254 11255 11256 11257 11258 11259
1108	11262 11263 11264 11265 11266 11267 11268 11261 11260 11269 11270 11271
1109	11274 11275 11276 11273 11272 11277 11278
1110	11281 11282 11283 11284 11285 11286 11287 11288 11289 11290 11291 11279 11280 11292 11293 11294
1111	11297 11298 11299 11300 11301 11302 11296 11295 11303 11304 11305
1112	11308 11309 11310 11311 11306 11307 11312
1113	11315 11316 11317 11318
1114	11321 11322 11323 11324 11325
1115	11328 11329 11330 11331 11332 11333 11334 11335 11336 11337
1116	11340 11341 11342 11343 11344 11338 11339 11345 11346 11347 11348 11349
1117	11352 11353 11354 11355 11356
1118	11359 11360 11361 11362 11363 11364 11365 11366 11357 11367 11368 11369 11370 11371 11358 11372 11373 11374 11375
1119	11378 11379 11380 11381 11382 11383 11384 11376 11377 11385 11386 11387 11388 11389 11390 11391 11392 11393 11394 11395 11396 11397 11398 11399
1120	11402 11403 11404
1121	11407 11408 11409 11405 11406 11410 11411 11412
1122	11415 11416 11417 11418 11419
1123	11422 11423 11424 11425 11421 11426
1124	11429 11430 11427 11431 11432
1125	11435 11436 11437 11438 11439 11440 11441
1126	11444 11445 11446 11447 11448
1127	11451 11452 11453 11454 11455 11456 11449 11457 11458 11450 11459 11460 11461 11462 11463
1128	11466 11467 11468 11464 11469
1129	11472 11473 11474 11475
1130	11478 11479 11480 11481 11482 11483 11484 11476 11477
1131	11486 11487
1132	11490 11491 11492 11493 11494
1133	11497 11498 11499 11500 11501 11502 11503 11504
1134	11507 11508 11509 11510 11511 11506 11505
1135	11514 11515 11516 11517 11518 11512 11519 11520 11521 11522
1136	11525 11526
1137	11529 11530 11531 11532 11527 11533 11534 11535 11536 11537 11528 11538 11539 11540
1138	11543 11544 11545 11546 11547 11548 11549 11541 11542 11550 11551 11552 11553 11554 11555 11556 11557 11558 11559 11560 11561
1139	11564 11565 11566
1140	11569 11570
1141	11573 11574 11572 11571 11575
1142	11578 11579 11580 11581 11582
1143	11585 11586 11587 11588 11589 11590 11591 11583 11592
1144	11595 11596 11597 11594 11593 11598 11599 11600 11601 11602 11598 11603
1145	11606 11607 11608 11604 11609 11610 11611 11612 11613 11605 11614 11615 11616 11617 11618 11619 11620 11621 11622 11623
1146	11626 11627 11628 11629 11630 11631 11632 11633 11624 11634
1147	11637 11638 11639 11640 11641 11642 11635 11643 11644
1148	11647 11648
1149	11651 11649 11652 11653 11654
1150	11657 11658 11659 11660 11661 11662 11663 11664 11665 11666 11667 11668 11669 11670 11656 11655 11671 11672 11673 11674 11675 11676 11677 11678
